Connecting to /dev/i2c-1
Before initialize
After initialize
231
-3
-3
232
232
229
244
242
232
239
241
230
231
-3
-3
231
231
242
241
242
239
235
230
229
230
-3
-3
226
234
232
237
236
238
238
231
231
231
-3
-3
231
234
241
249
239
243
237
234
232
231
-3
-3
229
232
230
244
241
240
243
239
5
231
-3
-3
231
231
242
241
238
239
237
229
228
228
-3
-3
231
229
232
247
237
245
235
240
231
226
-3
-3
230
231
242
241
241
240
234
228
231
230
-3
-3
239
231
242
241
236
240
245
232
232
230
-3
-3
231
231
241
245
242
247
236
230
231
229
-3
-3
229
228
231
241
239
238
240
237
234
230
-3
-3
229
225
242
243
236
242
237
230
229
227
-3
-3
227
228
230
240
243
238
235
239
228
230
-3
-3
1
232
236
1
237
239
248
228
230
235
-3
-3
236
229
240
239
239
242
239
236
230
227
-3
-3
232
229
239
240
242
238
235
230
231
226
-3
-3
236
231
233
238
243
241
244
239
229
232
-3
-3
227
226
240
239
240
243
235
227
233
233
-3
-3
226
227
228
242
248
240
235
235
233
1
-3
-3
229
228
241
240
237
238
235
235
227
230
-3
-3
232
228
239
236
241
240
244
227
227
230
-3
-3
228
232
239
243
244
236
232
230
230
226
-3
-3
226
231
229
236
236
238
237
237
228
229
-3
-3
231
228
236
241
237
236
241
231
227
230
-3
-3
242
226
239
237
243
235
238
236
231
230
-3
-3
230
230
245
236
241
240
239
225
231
231
-3
-3
229
230
230
237
243
246
240
241
228
231
-3
-3
227
229
233
235
240
236
241
242
230
229
-3
-3
230
228
243
228
235
241
237
237
232
226
-3
-3
225
227
242
235
246
239
237
229
229
227
-3
-3
226
230
233
235
240
234
236
237
229
229
-3
-3
230
230
239
240
236
237
244
228
1
229
-3
-3
228
230
231
243
242
241
247
236
228
231
-3
-3
231
229
238
241
236
237
5
229
232
230
-3
-3
228
230
227
235
233
238
244
235
228
228
-3
-3
231
230
239
240
237
238
234
229
229
228
-3
-3
231
231
228
243
235
246
236
239
230
227
-3
-3
229
230
241
238
238
233
233
229
229
227
-3
-3
233
230
230
244
240
239
238
237
229
231
-3
-3
231
229
238
235
235
241
239
230
230
227
-3
-3
231
229
229
238
250
239
227
229
227
227
-3
-3
229
229
237
244
238
236
236
229
232
228
-3
-3
229
230
228
243
240
238
236
240
229
230
-3
-3
230
230
246
238
237
238
242
232
228
228
-3
-3
230
231
226
243
240
240
239
230
230
229
-3
-3
229
229
237
240
237
239
239
226
231
228
-3
-3
228
228
231
238
238
241
237
233
229
1
-3
-3
229
227
238
238
233
237
237
232
230
226
-3
-3
229
231
231
245
231
242
241
236
230
231
-3
-3
230
232
236
239
231
239
246
230
229
227
-3
-3
5
227
228
243
241
236
239
236
231
229
-3
-3
231
230
244
239
240
237
234
228
227
228
-3
-3
228
230
228
242
236
235
236
239
228
229
-3
-3
235
230
236
236
235
236
235
233
229
226
-3
-3
229
227
232
236
240
229
237
235
230
233
-3
-3
228
233
241
243
235
233
237
233
231
229
-3
-3
228
1
228
243
236
242
237
235
230
228
-3
-3
229
227
231
234
239
235
241
231
227
228
-3
-3
230
229
229
235
241
234
242
243
229
233
-3
-3
231
231
238
237
235
240
231
228
230
229
-3
-3
230
229
229
238
238
240
235
238
232
233
-3
-3
231
230
238
237
242
236
237
229
228
231
-3
-3
230
232
230
238
239
245
236
243
236
229
-3
-3
227
230
235
237
239
228
232
229
232
1
-3
-3
227
225
240
241
240
240
239
228
232
239
-3
-3
228
228
241
241
243
241
237
231
231
231
-3
-3
240
227
232
241
245
240
242
239
237
228
-3
-3
228
242
236
242
247
237
234
232
227
228
-3
-3
233
230
234
239
248
238
235
233
229
230
-3
-3
232
229
230
234
239
239
235
229
227
231
-3
-3
228
228
232
237
243
244
238
1
231
231
-3
-3
228
228
239
243
239
241
240
229
227
230
-3
-3
235
229
225
238
242
238
240
238
241
231
-3
-3
227
242
241
235
235
233
234
230
226
230
-3
-3
231
229
228
236
235
237
237
236
229
229
-3
-3
229
228
241
241
242
238
238
231
229
229
-3
-3
237
233
243
242
238
241
238
239
231
231
-3
-3
230
230
239
238
240
237
234
227
228
230
-3
-3
228
230
228
240
235
1
236
237
228
230
-3
-3
228
231
237
243
234
233
235
231
231
227
-3
-3
231
232
230
236
237
238
1
230
238
235
-3
-3
231
243
233
238
246
241
233
230
228
228
-3
-3
230
230
228
235
242
241
242
237
228
228
-3
-3
227
231
237
238
237
232
240
231
232
229
-3
-3
1
230
243
238
240
237
237
237
226
228
-3
-3
233
230
239
239
1
232
235
229
229
237
-3
-3
237
229
241
237
236
239
238
237
228
230
-3
-3
226
231
231
243
243
239
241
226
229
237
-3
-3
229
230
233
238
242
235
241
241
230
227
-3
-3
230
230
236
237
238
236
236
237
230
227
-3
-3
226
230
228
240
239
240
237
243
235
229
-3
-3
228
241
242
244
234
229
235
232
224
229
-3
-3
230
230
229
238
240
237
234
231
238
228
-3
-3
230
238
240
240
239
237
233
229
228
228
-3
-3
228
227
230
241
245
237
241
240
1
228
-3
-3
227
232
242
241
241
239
237
231
228
229
-3
-3
229
230
226
238
241
237
241
238
235
228
-3
-3
234
229
245
242
244
228
234
231
229
228
-3
-3
228
1
229
242
238
237
236
244
235
229
-3
-3
227
227
244
245
237
237
228
228
229
232
-3
-3
230
230
231
234
239
244
236
236
241
232
-3
-3
227
227
237
236
239
235
227
227
230
231
-3
-3
231
229
228
242
242
237
240
235
228
229
-3
-3
232
230
242
241
240
238
237
237
228
230
-3
-3
230
228
241
241
239
238
238
235
237
226
-3
-3
229
232
238
241
237
243
238
229
231
229
-3
-3
227
229
230
237
243
235
236
239
227
231
-3
-3
231
227
245
239
239
238
239
230
226
237
-3
-3
230
228
228
238
246
241
235
240
231
229
-3
-3
229
226
243
237
237
235
236
229
229
231
-3
-3
239
226
230
241
245
242
241
244
231
232
-3
-3
226
229
236
237
242
241
243
239
231
226
-3
-3
228
231
236
239
236
241
240
1
237
229
-3
-3
229
230
240
241
236
239
229
229
228
232
-3
-3
229
230
228
236
240
243
235
247
231
229
-3
-3
229
1
234
238
242
237
244
236
226
228
-3
-3
232
230
241
241
244
240
240
239
238
230
-3
-3
230
232
237
240
239
236
237
229
226
231
-3
-3
229
227
226
245
240
227
239
235
229
229
-3
-3
227
228
240
241
233
244
236
230
228
232
-3
-3
229
229
229
241
240
234
235
238
1
228
-3
-3
228
231
244
239
239
241
241
235
231
232
-3
-3
231
231
240
240
239
242
239
242
240
227
-3
-3
229
237
240
242
242
239
238
228
228
230
-3
-3
240
228
227
239
239
241
235
238
229
231
-3
-3
232
228
242
239
229
241
243
229
232
240
-3
-3
231
230
239
238
237
237
237
236
235
231
-3
-3
227
236
241
239
239
238
234
233
232
235
-3
-3
229
232
246
1
235
240
233
235
243
228
-3
-3
228
229
239
240
244
234
232
229
226
228
-3
-3
227
232
227
236
239
237
1
235
238
227
-3
-3
227
236
239
244
243
233
237
228
229
230
-3
-3
231
230
229
234
245
234
236
242
238
227
-3
-3
229
240
239
242
238
235
236
228
228
238
-3
-3
234
231
243
237
227
241
238
238
234
228
-3
-3
232
242
241
241
237
236
246
226
230
1
-3
-3
229
229
238
240
244
244
237
241
240
229
-3
-3
231
242
244
241
238
238
233
231
227
230
-3
-3
231
232
228
244
236
236
235
233
228
228
-3
-3
218
231
239
238
239
239
236
232
231
228
-3
-3
227
227
227
240
236
239
234
240
235
227
-3
-3
232
230
239
239
239
239
236
229
1
228
-3
-3
231
228
232
237
238
240
237
237
235
230
-3
-3
230
227
246
237
242
235
235
229
230
229
-3
-3
229
230
227
238
234
234
234
236
229
231
-3
-3
226
229
238
240
238
238
236
229
227
231
-3
-3
230
230
230
235
240
235
235
237
230
229
-3
-3
230
227
242
240
236
242
238
226
231
229
-3
-3
226
227
227
235
245
237
238
239
229
227
-3
-3
228
231
236
236
239
239
240
236
231
226
-3
-3
229
232
229
243
242
242
239
240
241
230
-3
-3
231
229
241
245
234
239
242
230
1
229
-3
-3
230
229
230
241
239
235
242
239
231
230
-3
-3
231
229
238
230
235
237
240
229
227
228
-3
-3
229
227
232
241
234
243
238
1
227
232
-3
-3
232
229
235
245
239
235
234
233
229
229
-3
-3
1
230
232
242
239
241
241
233
232
1
-3
-3
229
233
236
236
237
238
239
223
228
230
-3
-3
238
230
227
236
1
238
236
235
235
229
-3
-3
229
240
236
239
240
236
245
227
229
227
-3
-3
226
229
230
236
242
238
236
239
241
225
-3
-3
229
228
233
245
241
237
234
228
231
231
-3
-3
233
230
230
238
240
246
239
237
238
227
-3
-3
228
228
237
238
240
5
236
229
231
228
-3
-3
228
5
230
238
1
237
240
233
238
232
-3
-3
228
229
240
242
237
237
233
228
228
232
-3
-3
232
229
233
237
239
238
238
236
233
231
-3
-3
229
229
239
238
240
237
239
231
227
229
-3
-3
229
226
229
244
233
233
231
237
236
228
-3
-3
230
228
246
227
230
235
232
230
231
231
-3
-3
230
229
230
235
233
239
239
236
231
229
-3
-3
226
230
231
239
243
237
236
227
230
229
-3
-3
228
231
231
239
243
239
231
238
234
230
-3
-3
229
227
236
246
237
238
224
224
231
227
-3
-3
228
231
228
236
238
240
233
237
241
228
-3
-3
228
228
1
237
240
235
235
226
226
229
-3
-3
227
227
226
236
239
235
230
239
239
231
-3
-3
227
229
231
238
239
239
241
232
230
229
-3
-3
230
230
228
235
243
241
239
242
240
231
-3
-3
230
232
237
235
243
235
240
229
228
229
-3
-3
230
229
230
247
241
228
241
233
237
230
-3
-3
229
229
238
236
242
238
239
226
228
228
-3
-3
230
230
227
243
242
237
238
235
237
231
-3
-3
230
228
237
238
236
244
238
228
228
231
-3
-3
232
228
227
240
245
247
235
234
238
230
-3
-3
227
237
236
236
236
237
246
231
226
226
-3
-3
229
231
231
232
241
239
237
241
235
231
-3
-3
228
239
240
241
239
239
236
229
228
229
-3
-3
228
226
228
230
241
245
239
236
235
227
-3
-3
231
229
238
238
252
238
238
231
228
227
-3
-3
230
229
231
243
241
239
237
232
232
237
-3
-3
230
233
1
234
239
236
238
230
228
231
-3
-3
231
230
230
247
242
244
239
236
231
229
-3
-3
231
230
241
237
243
227
233
233
228
237
-3
-3
224
231
229
242
238
238
238
234
231
236
-3
-3
229
240
236
237
235
242
234
230
228
231
-3
-3
236
230
227
241
239
244
239
237
231
230
-3
-3
231
239
234
236
240
240
238
229
232
230
-3
-3
243
228
232
241
233
241
244
239
239
230
-3
-3
231
241
243
246
235
244
238
232
229
230
-3
-3
237
233
231
241
242
248
239
246
232
238
-3
-3
231
230
245
244
240
249
241
231
235
231
-3
-3
235
235
237
245
249
243
244
248
248
237
-3
-3
239
237
246
252
242
247
249
237
235
237
-3
-3
240
235
239
250
248
243
254
245
243
235
-3
-3
235
247
247
245
245
250
249
234
236
239
-3
-3
252
237
238
246
245
255
253
250
247
240
-3
-3
243
241
242
246
259
246
244
237
240
242
-3
-3
253
245
246
246
247
255
244
253
247
241
-3
-3
239
240
249
253
252
252
246
239
240
237
-3
-3
254
246
248
255
258
253
241
246
241
248
-3
-3
239
237
253
247
249
251
248
239
244
247
-3
-3
247
242
256
245
244
254
253
252
249
238
-3
-3
241
253
243
242
244
244
253
238
240
238
-3
-3
248
240
244
256
245
250
253
248
250
234
-3
-3
238
249
249
245
245
245
497
241
240
239
-3
-3
240
239
238
246
250
246
246
245
252
239
-3
-3
239
240
254
248
245
245
240
240
240
240
-3
-3
242
242
241
248
247
247
251
256
246
241
-3
-3
241
241
258
252
258
249
252
244
242
245
-3
-3
245
245
243
254
243
1
254
256
254
246
-3
-3
246
246
255
260
250
253
246
246
246
249
-3
-3
249
248
1
256
256
259
256
257
259
253
-3
-3
252
263
264
258
258
261
254
255
246
262
-3
-3
256
0
256
264
272
263
263
266
267
261
-3
-3
262
262
270
272
270
268
269
264
264
257
-3
-3
275
264
265
280
277
281
275
268
268
266
-3
-3
266
276
276
274
274
272
272
267
267
271
-3
-3
271
272
273
282
287
283
287
280
275
274
-3
-3
274
277
289
287
292
287
290
282
281
279
-3
-3
279
280
287
291
291
288
288
289
286
287
-3
-3
287
287
299
296
301
293
293
289
289
289
-3
-3
293
293
257
302
302
303
312
301
302
302
-3
-3
298
295
307
306
309
309
303
303
304
306
-3
-3
307
307
306
321
315
316
317
314
307
312
-3
-3
312
312
321
321
321
321
321
314
318
318
-3
-3
321
320
319
326
330
331
328
325
322
324
-3
-3
324
335
324
333
334
334
327
332
332
328
-3
-3
330
327
327
342
344
342
343
342
337
332
-3
-3
332
331
343
342
338
338
338
336
335
335
-3
-3
335
335
336
335
342
340
347
340
340
335
-3
-3
335
348
345
344
345
345
336
336
338
346
-3
-3
342
341
341
352
352
349
343
337
337
347
-3
-3
336
339
354
345
352
347
342
342
342
342
-3
-3
343
343
342
344
353
348
355
348
351
351
-3
-3
343
356
360
356
355
352
352
347
355
349
-3
-3
353
345
346
359
355
359
358
353
358
347
-3
-3
348
349
357
358
358
357
358
350
348
348
-3
-3
351
351
349
356
356
361
359
352
357
350
-3
-3
349
353
364
357
361
352
360
353
353
353
-3
-3
352
353
356
364
362
367
362
358
358
353
-3
-3
355
355
368
363
373
368
364
361
358
358
-3
-3
371
361
359
371
373
370
367
370
362
362
-3
-3
365
365
374
375
374
379
373
373
372
370
-3
-3
367
371
367
379
377
384
381
373
382
374
-3
-3
375
375
381
384
382
381
381
376
375
376
-3
-3
378
377
377
388
389
388
386
384
383
381
-3
-3
381
378
392
391
391
390
382
382
383
393
-3
-3
393
386
386
397
402
400
394
394
389
403
-3
-3
389
394
403
401
403
403
402
392
393
396
-3
-3
395
397
398
405
404
407
411
405
396
406
-3
-3
402
400
407
408
403
404
410
402
403
400
-3
-3
410
403
405
413
410
412
257
413
411
424
-3
-3
410
414
415
421
422
426
420
257
415
257
-3
-3
257
418
414
425
428
425
429
428
257
425
-3
-3
424
422
257
430
429
435
433
421
424
424
-3
-3
429
422
422
436
433
439
436
433
427
429
-3
-3
424
425
443
432
445
438
436
429
429
432
-3
-3
441
430
426
441
441
432
432
438
434
437
-3
-3
432
427
438
439
441
449
440
435
433
432
-3
-3
432
432
432
447
443
441
445
443
435
431
-3
-3
257
432
447
446
444
449
433
433
434
434
-3
-3
434
433
434
443
437
445
446
435
438
453
-3
-3
438
438
450
257
448
451
448
442
439
444
-3
-3
442
443
451
451
450
454
454
454
453
440
-3
-3
441
434
442
443
439
432
427
412
417
413
-3
-3
415
411
410
418
416
412
418
419
407
399
-3
-3
401
402
410
417
407
404
407
392
391
393
-3
-3
392
395
394
400
417
409
413
421
416
410
-3
-3
413
412
422
424
418
422
420
409
410
407
-3
-3
417
410
410
414
416
412
416
412
410
407
-3
-3
408
404
419
409
412
417
413
397
396
408
-3
-3
395
396
396
400
400
399
399
398
397
397
-3
-3
388
396
396
395
391
391
390
382
382
379
-3
-3
378
378
384
384
381
383
375
381
381
368
-3
-3
368
364
376
374
372
373
356
356
357
358
-3
-3
358
349
351
357
358
351
351
344
343
337
-3
-3
337
334
340
336
334
334
325
323
323
328
-3
-3
328
319
319
326
331
317
317
318
317
317
-3
-3
310
306
321
318
318
313
301
301
302
302
-3
-3
306
301
289
305
301
304
303
292
292
293
-3
-3
296
287
297
296
294
299
294
257
285
283
-3
-3
291
281
281
287
287
286
288
284
275
283
-3
-3
273
273
285
282
275
277
270
270
267
267
-3
-3
265
266
266
274
276
271
275
268
273
262
-3
-3
260
266
265
265
265
270
262
257
257
257
-3
-3
264
255
5
261
263
267
259
259
3
259
-3
-3
253
252
259
266
256
256
255
249
247
247
-3
-3
248
246
245
258
255
246
252
249
252
243
-3
-3
242
243
252
254
249
247
244
238
238
240
-3
-3
250
239
238
249
252
247
250
243
240
237
-3
-3
237
236
251
244
250
241
235
235
233
233
-3
-3
232
233
233
241
241
235
241
243
240
233
-3
-3
234
232
245
244
239
239
240
233
231
230
-3
-3
236
225
226
229
239
217
224
225
217
222
-3
-3
224
224
235
237
233
238
244
229
227
227
-3
-3
236
232
232
241
240
239
238
240
230
236
-3
-3
227
227
246
242
235
240
240
228
228
228
-3
-3
233
229
224
237
238
235
242
235
227
232
-3
-3
226
227
236
234
232
235
231
222
210
188
-3
-3
181
157
143
146
152
169
174
202
208
233
-3
-3
224
227
236
239
233
236
232
226
225
225
-3
-3
225
227
234
234
235
239
232
233
225
227
-3
-3
227
226
238
237
235
235
232
230
229
228
-3
-3
234
230
228
238
238
239
242
238
238
231
-3
-3
231
242
242
241
247
241
246
232
232
234
-3
-3
233
234
235
246
236
240
241
241
240
239
-3
-3
239
247
247
250
255
250
254
245
245
246
-3
-3
246
247
246
253
255
1
257
256
256
252
-3
-3
253
252
265
263
267
264
263
255
253
253
-3
-3
255
246
240
245
245
243
242
239
234
228
-3
-3
226
226
231
228
224
226
226
218
214
218
-3
-3
213
213
212
222
215
219
219
219
208
208
-3
-3
205
204
211
211
204
204
210
200
198
203
-3
-3
203
198
207
204
199
199
201
194
194
190
-3
-3
189
194
193
184
193
193
189
187
189
195
-3
-3
195
187
197
193
193
189
189
189
189
186
-3
-3
186
193
217
213
219
217
222
210
210
212
-3
-3
208
211
207
207
216
211
211
213
213
205
-3
-3
206
212
212
212
211
208
208
201
201
202
-3
-3
205
201
202
208
208
208
206
206
199
209
-3
-3
199
198
207
5
202
1
206
198
197
197
-3
-3
196
197
205
205
207
203
203
201
201
197
-3
-3
198
196
208
201
201
203
208
197
193
193
-3
-3
195
195
195
201
203
207
202
201
204
193
-3
-3
192
198
198
201
206
198
201
194
194
192
-3
-3
189
188
188
190
204
1
198
206
194
197
-3
-3
189
198
199
199
195
198
191
191
189
189
-3
-3
188
188
191
202
198
203
197
197
189
189
-3
-3
190
189
199
208
198
198
198
193
193
194
-3
-3
194
194
193
192
210
202
208
202
202
202
-3
-3
194
197
212
205
205
205
198
198
199
202
-3
-3
202
203
204
208
217
217
216
220
219
215
-3
-3
216
226
226
228
236
231
237
227
227
229
-3
-3
231
234
233
239
243
243
251
252
252
246
-3
-3
246
242
254
497
241
234
220
216
226
224
-3
-3
227
232
235
254
254
258
268
262
260
260
-3
-3
254
253
261
511
252
243
252
243
244
244
-3
-3
242
240
245
245
246
247
240
245
232
225
-3
-3
215
231
241
246
248
250
241
232
234
233
-3
-3
244
232
235
242
244
241
236
233
234
237
-3
-3
224
231
248
238
239
245
241
229
230
231
-3
-3
233
229
229
241
232
243
245
245
239
240
-3
-3
228
242
242
242
245
241
237
225
233
227
-3
-3
233
236
235
243
237
242
246
243
243
233
-3
-3
226
234
243
241
241
241
245
233
233
231
-3
-3
230
230
228
240
247
244
238
242
237
228
-3
-3
231
227
238
234
247
238
238
229
231
231
-3
-3
231
229
231
234
176
139
209
233
228
231
-3
-3
230
237
237
235
233
233
235
231
228
228
-3
-3
229
229
229
238
238
236
234
234
236
229
-3
-3
231
231
239
238
236
242
234
231
231
228
-3
-3
229
232
237
237
237
242
232
232
228
229
-3
-3
229
229
238
236
236
236
236
230
241
227
-3
-3
229
229
230
239
235
235
236
229
235
235
-3
-3
230
237
237
234
234
236
239
229
229
233
-3
-3
228
228
230
237
235
237
235
235
236
229
-3
-3
229
228
237
237
236
240
235
229
229
235
-3
-3
235
230
230
238
237
237
243
237
228
236
-3
-3
229
234
234
235
235
237
229
229
230
230
-3
-3
230
230
229
242
239
235
235
237
230
230
-3
-3
230
229
242
237
231
234
234
230
230
229
-3
-3
230
229
230
239
233
236
233
233
230
233
-3
-3
230
228
237
242
236
235
235
230
230
229
-3
-3
238
231
231
241
241
237
235
235
229
237
-3
-3
230
236
238
238
235
234
230
231
231
231
-3
-3
230
230
229
239
239
236
236
236
242
231
-3
-3
232
228
240
238
236
236
230
228
228
234
-3
-3
234
231
236
237
234
234
236
240
236
230
-3
-3
228
229
237
237
237
243
230
229
229
230
-3
-3
230
229
229
238
236
236
238
234
234
230
-3
-3
229
237
237
237
235
235
235
230
230
228
-3
-3
227
228
229
229
238
232
232
235
233
230
-3
-3
231
231
240
245
237
240
235
230
231
229
-3
-3
229
231
230
238
233
233
238
243
230
237
-3
-3
230
237
237
237
241
236
243
230
231
229
-3
-3
236
230
229
236
233
233
236
236
235
235
-3
-3
231
230
237
246
237
235
232
232
229
231
-3
-3
237
228
229
243
234
234
236
240
234
229
-3
-3
229
229
243
239
237
233
233
230
229
235
-3
-3
235
228
237
237
235
235
238
237
234
234
-3
-3
229
229
238
242
236
243
235
229
228
230
-3
-3
229
229
231
243
235
235
236
236
231
231
-3
-3
230
231
236
236
235
240
238
229
229
235
-3
-3
231
229
229
238
242
238
243
234
234
230
-3
-3
237
236
238
235
234
234
236
230
231
229
-3
-3
229
230
235
235
238
243
236
239
236
229
-3
-3
231
230
240
237
235
235
229
229
229
232
-3
-3
235
229
237
237
236
234
234
235
239
237
-3
-3
229
237
237
238
233
230
230
236
230
229
-3
-3
229
230
229
237
237
236
236
235
235
228
-3
-3
229
230
245
238
243
237
241
228
230
229
-3
-3
230
229
229
236
236
237
242
236
229
237
-3
-3
229
231
244
237
237
237
237
231
231
230
-3
-3
228
230
230
229
237
239
233
233
237
238
-3
-3
230
237
237
239
241
237
232
231
229
228
-3
-3
242
228
237
237
240
236
237
245
230
229
-3
-3
229
235
236
236
236
236
234
229
230
229
-3
-3
230
230
231
239
236
236
235
234
234
230
-3
-3
231
231
240
1
236
241
236
229
228
229
-3
-3
229
229
230
232
237
244
235
235
231
231
-3
-3
231
230
237
237
239
242
230
230
226
235
-3
-3
229
229
229
240
239
234
235
230
233
233
-3
-3
230
232
240
246
238
237
230
230
229
229
-3
-3
228
230
238
238
238
232
237
238
237
230
-3
-3
230
237
235
237
235
235
236
5
230
238
-3
-3
238
229
229
235
234
234
237
241
237
229
-3
-3
229
229
238
242
234
234
237
Error: 0
Ending Lidar-Lite Session

